0
0.5736
0.5874
0.5538
0.9614
0.9810
1.2044
1.2255
1.0822
1.1253
1.1335
1.1278
1.1078
1.1100
1.3767
1.4349
1.2237
1.5543
1.2715
1.4985
1.6482
1.5211
1.6413
1.6177
1.6920
1.9037
1.5883
1.8928
2.1252
1.7287
1.8713
2.3061
2.3224
2.4956
2.2925
2.3938
2.5162
2.6184
2.7241
3.1036
2.8195
2.7814
2.9391
2.7341
3.0250
2.9251
2.9480
3.1994
2.8391
2.8937
2.9036
3.0188
2.9117
2.7595
2.9651
3.0815
2.9373
3.0196
3.0621
3.2210
3.1334
3.1995
3.3424
3.2995
3.6217
3.3779
3.5941
3.3523
3.4481
3.9767
3.9031
3.5123
3.6268
4.0934
3.6459
3.8199
3.9741
4.3456
4.2094
4.3906
4.1036
4.4597
4.5454
4.6818
4.7207
4.6929
4.7924
4.6993
5.3103
5.1304
5.4454
5.1800
5.1310
5.5646
5.6211
7.0359