0.0000
0.4910
0.5180
0.5420
0.6790
0.7460
0.8880
0.9290
1.0110
1.0120
1.0470
1.0570
1.0840
1.0890
1.1280
1.1700
1.1810
1.1830
1.1950
1.2570
1.2610
1.2700
1.3680
1.3700
1.4210
1.4660
1.5310
1.6110
1.6440
1.6990
1.8760
2.3810
2.4120
2.4870
2.5310
2.6080
2.6640
2.6690
2.9230
2.9590
2.9630
2.9800
3.0110
3.0180
3.0210
3.0310
3.0390
3.0430
3.0830
3.0930
3.1010
3.1010
3.1020
3.1290
3.1290
3.1410
3.1530
3.1530
3.1930
3.2960
3.3230
3.3370
3.3400
3.3750
3.4360
3.4430
3.5550
3.5880
3.6140
3.6190
3.6430
3.6710
3.7360
3.9150
3.9770
4.3300
4.5010
4.8540
4.8710
4.8870
4.9340
4.9950
5.1880
5.1970
5.2190
5.2500
5.3040
5.3060
5.4960
5.4960
5.6410
5.6810
5.7720
5.7770
6.6670
7.7910
