0.0
0.51958
0.53404
0.50625
0.8846
0.9008
1.1202
1.1343
0.9808000000000001
1.0222
1.0291
1.0263
1.0067
1.0064
1.2647
1.3159
1.1137
1.444
1.1579
1.3712
1.5458
1.3909
1.5054
1.4956
1.5518
1.7691999999999999
1.4442
1.7443000000000002
1.9496
1.5732
1.7034
2.2187
2.2339
2.4466
2.2039999999999997
2.2952000000000004
2.4627
2.5502000000000002
2.6079
3.0129
2.6854000000000005
2.6535
2.8007
2.6149000000000004
2.9325
2.7881
2.8014
3.0936000000000003
2.7016
2.7518000000000002
2.7619
2.8682999999999996
2.7742000000000004
2.7111
2.8144
2.9801
2.7889999999999997
2.9313000000000002
2.9581999999999997
3.0597000000000003
2.9711
3.0807
3.1677999999999997
3.1688
3.5002000000000004
3.2634999999999996
3.3975
3.1807999999999996
3.2622999999999998
3.8331
3.5749000000000004
3.3226000000000004
3.4250999999999996
3.8993
3.6012000000000004
3.7477
3.809
4.2069
4.1194
4.2737
4.0405
4.3277
4.4071
4.5015
4.5317
4.6034
4.5935
4.5119
5.1278
4.9059
5.2894
4.9512
4.95
5.3515
5.4607
6.8690999999999995
